-102.582
-102.5204
-102.6221
-102.5976
-102.3096
-103.1099
-102.4347
-101.5623
-105.1216
-105.4673
-191.4016
-200.294
-149.9896
-66.06295
-58.27308
-11.88736
46.98817
-22.31509
-179.2662
-201.7961
-234.5833
-246.3071
-288.4698
-155.0705
1521.871
1494.336
134.9842
-146.0251
-141.2655
-138.6656
-140.6332
-93.58693
-49.39844
-9.040688
41.1754
101.4921
189.5843
279.2767
424.4912
594.8495
774.2528
924.8423
1009.454
950.1306
670.4496
341.0073
79.3179
-68.83015
-134.0792
-163.6529
-164.2251
-170.1567
-163.6274
-161.2612
-167.8716
-151.7613
-160.9768
-150.1124
-158.8326
-164.799
-179.3241
-181.7613
-176.7841
-169.2337
-179.9047
-182.0879
-182.9131
-195.3409
-185.3964
-197.3518
-200.0302
-192.1634
-198.0757
-195.5226
-204.1204
-199.9063
-201.5237
-201.5482
-223.6371
-213.5851
-210.0188
-196.171
-87.54547
-92.67953
-26.22191
13.39508
17.64635
-136.0642
-227.4736
-249.9632
-257.6795
-274.8408
-366.3268
950.1742
1888.039
515.7148
-159.6288
-115.9273
-148.5277
-130.3941
-92.21194
-79.29384
-43.32237
-4.78846
49.33005
115.8006
206.7694
328.7176
477.466
665.2234
821.9407
944.1747
936.2362
768.9432
444.3227
125.1328
-47.74184
-131.803
-141.8215
-162.7026
-153.3362
-162.6097
-159.0134
-176.4936
-182.4603
-188.0162
-173.1841
-199.3258
-194.3838
-201.9653
-202.2104
-216.9756
-213.2985
-226.1568
-238.2977
-231.4502
-235.2143
-237.521
-234.4443
-231.3964
-251.3392
-239.4884
-253.8265
-145.3039
-102.798
-99.57395
-104.2896
-102.4566
-102.0225
-102.9034
-102.4929
-102.5005
-102.577
