-0.6841648
-4.23598
-12.54563
-77.49995
-84.56159
-96.37452
-98.28332
-100.341
-98.39169
-82.74226
-38.797
-10.43955
31.1466
38.15205
35.53899
15.41304
41.65292
72.51147
97.6319
74.08111
108.1048
125.0956
161.5881
141.4686
127.314
85.09534
19.53226
-30.88434
-80.60459
-95.66915
-100.4175
-100.2597
-104.9673
-121.827
-132.3803
-134.8009
-135.7757
-145.9515
-154.9909
-154.4698
-179.3005
-248.7778
-218.8876
-34.24015
388.5263
956.3104
1670.536
1946.749
2009.364
1468.866
1193.756
621.7191
228.1169
-12.56684
-55.73777
-26.7195
-17.98963
-20.25275
-45.95182
-41.6684
-34.09349
-41.64257
-48.06587
-40.94117
-34.79983
-20.30304
-7.909282
5.401399
25.15037
49.01403
47.68243
59.5287
78.61883
100.2799
107.8061
129.3415
145.0891
162.996
178.7388
199.285
237.462
262.1792
291.7491
319.414
352.6696
379.31
424.3124
466.4124
527.2435
586.3923
646.2164
697.4543
750.2512
814.2475
881.259
932.5753
983.4721
1026.88
1066.398
1091.456
1110.155
1119.638
1097.436
1053.78
977.8431
878.9711
769.6358
666.4122
553.6581
442.9574
338.5987
259.9947
181.3293
120.5349
68.78232
37.62975
5.077552
-12.9522
-32.11242
-46.68211
-55.59229
-61.7219
-63.34808
-57.39503
-61.72141
-64.41271
-66.08823
-63.63795
-71.82928
-64.14993
-65.40405
-51.67374
-51.42709
-60.91344
-65.66618
-71.1409
-58.17152
-63.30763
-51.42806
-45.52193
-54.03656
-56.15508
-58.6049
-55.92461
-51.63631
-45.79414
-49.00271
-53.93267
-55.02408
-55.17855
-64.3147
-62.40414
-64.84322
-69.83355
-84.48922
-74.15575
-78.28577
-78.53594
-80.51604
-79.69815
-69.44778
-72.4413
-67.79446
-72.27791
-60.44833
-73.81493
-76.81239
-85.04091
-79.10716
-77.69852
-79.49303
-78.66576
-79.47626
-82.08757
-94.73855
-92.35969
-87.73995
-89.64483
-79.05614
-87.46288
-88.83266
-91.55113
-103.7944
-94.13383
-99.6223
-93.70534
-90.82507
-90.49348
-89.85905
-97.45963
-91.7407
-97.46941
-90.16518
-90.56553
-98.78611
-100.9674
-102.2658
-100.8851
-92.57341
-105.3264
-95.91867
-91.77736
-100.3269
-101.8937
-100.9453
-94.41786
-106.3037
-112.0918
-123.1061
-120.4309
-113.5086
-115.2278
-109.1204
-106.4392
-109.1613
-106.4551
-106.7019
-87.40501
-63.05826
-28.32136
17.75326
22.33784
22.72641
2.397479
18.15246
69.18411
89.06647
66.29367
92.07619
119.2825
152.8841
133.6721
109.3137
88.7215
23.12033
-36.92306
-84.40021
-109.0568
-118.2065
-136.8697
-141.0378
-145.1859
-148.9377
-155.5627
-156.9134
-159.9491
-165.1959
-165.4737
-200.7507
-279.1279
-251.3812
-72.96941
385.0316
998.1342
1755.75
2011.221
2061.657
1504.437
1170.735
615.0106
249.556
-1.016751
-57.28791
-19.77978
-16.77771
-31.91918
-27.56175
-48.85872
-41.62003
-36.7878
-42.43989
-21.6633
-10.99792
-5.536259
17.71909
6.876676
15.07333
26.29713
35.25838
47.6387
52.77482
78.35384
89.56003
92.58595
113.582
130.978
154.1509
171.6977
197.6154
218.1181
245.6266
271.7586
311.5545
348.5812
386.6759
428.0381
483.5122
521.2663
579.1093
639.2503
712.1353
764.1924
820.9223
883.2229
919.8719
976.7061
1005.521
1049.691
1065.91
1058.815
1035.626
1007.547
942.1355
874.8386
775.2171
661.2728
544.9773
437.0475
315.9745
235.0086
147.8988
97.5978
58.38939
19.51484
-17.74375
-29.40702
-29.47532
-34.51796
-40.91969
-54.34363
-48.46397
-57.84402
-69.61243
-43.29173
-45.88451
-61.93858
-57.92028
-56.11548
-56.09801
-62.99886
-53.16382
-55.51544
-71.98857
-76.26588
-72.69329
-82.65054
-79.33451
-83.6049
-81.85609
-75.22632
-100.6824
-62.98066
-79.56824
-64.70187
-87.14614
-101.6449
-98.1412
-98.74374
-89.72923
-97.8875
-86.12522
-89.94584
-116.9034
-101.164
-98.45837
-94.14313
-116.2172
-112.9821
-111.554
-118.3257
-108.0437
-113.5054
-113.1814
-130.5045
-123.8432
-137.4847
-139.6912
-130.5942
-120.7866
-136.2072
-130.1437
-137.3809
-131.805
-128.1795
-129.5591
-132.0248
-145.1027
-139.5255
-125.822
-129.2165
-129.4792
-116.5597
-135.5686
-158.5339
-139.791
-145.7095
-152.9061
-137.4404
-134.3773
-137.9425
-143.2735
-146.112
-116.298
-19.61619
-6.436868
-1.000908
