-0.7660142
-0.7659595
-0.7660497
-0.766028
-0.7657725
-0.7664826
-0.7658835
-0.7651096
-0.7682673
-0.7685739
-0.8448121
-0.8527011
-0.8080727
-0.7336157
-0.7267047
-0.6855528
-0.6333205
-0.694804
-0.8340459
-0.8540337
-0.8831214
-0.8935224
-0.9309278
-0.8125802
0.6751478
0.6507192
-0.5552532
-0.8045555
-0.800333
-0.7980264
-0.799772
-0.7580341
-0.7188315
-0.6830274
-0.6384773
-0.5849663
-0.5068137
-0.4272416
-0.298412
-0.1472756
0.01188517
0.1454833
0.2205483
0.1679182
-0.08020568
-0.3724762
-0.6046385
-0.7360706
-0.7939575
-0.8201943
-0.820702
-0.8259643
-0.8201717
-0.8180725
-0.823937
-0.8096445
-0.8178202
-0.8081816
-0.8159178
-0.8212111
-0.8340973
-0.8362595
-0.831844
-0.8251454
-0.8346124
-0.8365493
-0.8372813
-0.8483068
-0.8394845
-0.8500909
-0.8524671
-0.845488
-0.850733
-0.8484681
-0.8560958
-0.8523571
-0.8537921
-0.8538138
-0.8734103
-0.8644925
-0.8613286
-0.8490433
-0.7526743
-0.7572291
-0.69827
-0.6631231
-0.6593515
-0.7957186
-0.876814
-0.8967659
-0.9036117
-0.9188366
-1
0.1679568
1
-0.2174813
-0.8166242
-0.7778537
-0.8067757
-0.7906882
-0.7568142
-0.7453537
-0.713441
-0.6792549
-0.6312428
-0.5722723
-0.4915677
-0.3833792
-0.2514145
-0.08484221
0.05419242
0.1626343
0.1555916
0.007174611
-0.2808181
-0.563993
-0.7173618
-0.7919381
-0.8008263
-0.8193513
-0.8110417
-0.8192689
-0.8160783
-0.8315861
-0.8368796
-0.8418087
-0.8286501
-0.8518422
-0.8474578
-0.8541839
-0.8544012
-0.8675005
-0.8642383
-0.8756458
-0.8864167
-0.8803419
-0.8836812
-0.8857277
-0.8829981
-0.8802941
-0.8979867
-0.8874731
-0.9001934
-0.8039157
-0.7662058
-0.7633455
-0.7675291
-0.7659029
-0.7655178
-0.7662993
-0.7659352
-0.7659419
-0.7660097
