1
0
153
0 103.276 3.141593
41.1 2.737166 -2.424219
82.1 16.89031 -2.590273
123.2 6.568778 0.4734787
164.3 7.286789 0.3586965
205.3 3.251766 3.07652
246.4 5.528754 2.759033
287.5 9.297296 -0.1943094
328.5 4.798409 -0.1048872
369.6 12.2992 -3.065417
410.7 1.654723 -2.932577
451.7 9.58014 0.7078066
492.8 1.645394 -2.218235
533.9 3.187183 -1.108464
574.9 1.931388 -2.501644
616 5.634662 -1.599319
657.1 6.30454 2.122549
698.1 5.584032 2.693703
739.2 8.021554 0.08056632
780.3 2.705909 0.641546
821.3 5.312084 -1.676821
862.4 0.350837 0.1996512
903.5 4.545841 -3.061034
944.5 1.366293 0.7424458
985.6 5.38155 1.471708
1026.7 2.948531 -1.194975
1067.7 4.149147 -0.5004499
1108.8 3.932534 -2.950598
1149.9 2.683651 -2.247298
1190.9 3.937436 1.706029
1232 1.297504 2.588511
1273.1 4.590728 0.03473489
1314.1 0.1396721 0.9779735
1355.2 4.721676 -1.739739
1396.3 1.274004 1.893529
1437.3 3.934526 2.760616
1478.4 2.515433 0.4020931
1519.5 3.133107 1.169781
1560.5 3.215516 -1.230129
1601.6 2.183886 -0.4516483
1642.7 3.785036 -2.909527
1683.7 1.076272 -2.223984
1724.8 3.530272 1.697617
1765.9 0.2480456 -1.47899
1806.9 2.952713 -0.04463727
1848 1.070162 -2.550829
1889.1 2.33977 -1.74097
1930.1 1.610843 1.995105
1971.2 1.817627 2.783518
2012.3 2.07705 0.2803276
2053.3 1.194722 0.9729196
2094.4 2.216032 -1.385306
2135.5 0.4677739 -0.458617
2176.5 2.173589 -3.107436
2217.6 0.2057796 0.7882853
2258.7 1.905597 1.578522
2299.7 0.6668069 -0.8204374
2340.8 1.408795 -0.207442
2381.9 0.9513008 -2.443765
2422.9 1.150499 -1.926568
2464 1.034762 2.132833
2505.1 0.6102449 2.728331
2546.1 1.088764 0.3745192
2587.2 0.390264 1.040223
2628.3 0.9900106 -1.21816
2669.3 0.06645349 -2.469124
2710.4 0.8027759 -2.957584
2751.5 0.4722943 1.338047
2792.5 0.5259859 1.756713
2833.6 0.372421 -0.1209756
2874.7 0.3298846 -0.1543599
2915.7 0.3180272 -2.137644
2956.8 0.4091041 -2.022182
2997.9 0.1069487 -2.788969
3038.9 0.2070833 2.780176
3080 0.230181 0.3759796
3121.1 0.2065935 1.311466
3162.1 0.2065935 -1.311466
3203.2 0.230181 -0.3759796
3244.3 0.2070833 -2.780176
3285.3 0.1069487 2.788969
3326.4 0.4091041 2.022182
3367.5 0.3180272 2.137644
3408.5 0.3298846 0.1543599
3449.6 0.372421 0.1209756
3490.7 0.5259859 -1.756713
3531.7 0.4722943 -1.338047
3572.8 0.8027759 2.957584
3613.9 0.06645349 2.469124
3654.9 0.9900106 1.21816
3696 0.390264 -1.040223
3737.1 1.088764 -0.3745192
3778.1 0.6102449 -2.728331
3819.2 1.034762 -2.132833
3860.3 1.150499 1.926568
3901.3 0.9513008 2.443765
3942.4 1.408795 0.207442
3983.5 0.6668069 0.8204374
4024.5 1.905597 -1.578522
4065.6 0.2057796 -0.7882853
4106.7 2.173589 3.107436
4147.7 0.4677739 0.458617
4188.8 2.216032 1.385306
4229.9 1.194722 -0.9729196
4270.9 2.07705 -0.2803276
4312 1.817627 -2.783518
4353.1 1.610843 -1.995105
4394.1 2.33977 1.74097
4435.2 1.070162 2.550829
4476.3 2.952713 0.04463727
4517.3 0.2480456 1.47899
4558.4 3.530272 -1.697617
4599.5 1.076272 2.223984
4640.5 3.785036 2.909527
4681.6 2.183886 0.4516483
4722.7 3.215516 1.230129
4763.7 3.133107 -1.169781
4804.8 2.515433 -0.4020931
4845.9 3.934526 -2.760616
4886.9 1.274004 -1.893529
4928 4.721676 1.739739
4969.1 0.1396721 -0.9779735
5010.1 4.590728 -0.03473489
5051.2 1.297504 -2.588511
5092.3 3.937436 -1.706029
5133.3 2.683651 2.247298
5174.4 3.932534 2.950598
5215.5 4.149147 0.5004499
5256.5 2.948531 1.194975
5297.6 5.38155 -1.471708
5338.7 1.366293 -0.7424458
5379.7 4.545841 3.061034
5420.8 0.350837 -0.1996512
5461.9 5.312084 1.676821
5502.9 2.705909 -0.641546
5544 8.021554 -0.08056632
5585.1 5.584032 -2.693703
5626.1 6.30454 -2.122549
5667.2 5.634662 1.599319
5708.3 1.931388 2.501644
5749.3 3.187183 1.108464
5790.4 1.645394 2.218235
5831.5 9.58014 -0.7078066
5872.5 1.654723 2.932577
5913.6 12.2992 3.065417
5954.7 4.798409 0.1048872
5995.7 9.297296 0.1943094
6036.8 5.528754 -2.759033
6077.9 3.251766 -3.07652
6118.9 7.286789 -0.3586965
6160 6.568778 -0.4734787
6201.1 16.89031 2.590273
6242.1 2.737166 2.424219
