0
0
153
0 0.0006253258
1 0.06227461
2 -0.03944115
3 -0.01495585
4 0.2730265
5 -0.5273119
6 0.1479193
7 1.020278
8 -2.538978
9 -2.884667
10 -88.81899
11 -97.71138
12 -47.40696
13 36.51968
14 44.30954
15 90.69527
16 149.5708
17 80.26754
18 -76.68359
19 -99.21342
20 -132.0006
21 -143.7245
22 -185.8872
23 -52.48785
24 1624.454
25 1596.918
26 237.5668
27 -43.44245
28 -38.68287
29 -36.08293
30 -38.05058
31 8.995701
32 53.18419
33 93.54194
34 143.758
35 204.0748
36 292.167
37 381.8593
38 527.0739
39 697.4321
40 876.8354
41 1027.425
42 1112.037
43 1052.713
44 773.0322
45 443.5899
46 181.9005
47 33.75248
48 -31.4966
49 -61.07024
50 -61.64251
51 -67.57411
52 -61.04478
53 -58.67857
54 -65.28896
55 -49.17871
56 -58.39418
57 -47.52979
58 -56.24992
59 -62.21634
60 -76.74143
61 -79.17865
62 -74.20152
63 -66.65107
64 -77.32208
65 -79.5053
66 -80.33047
67 -92.75824
68 -82.81377
69 -94.76919
70 -97.44757
71 -89.5808
72 -95.49303
73 -92.94001
74 -101.5378
75 -97.32368
76 -98.94109
77 -98.96557
78 -121.0545
79 -111.0024
80 -107.4362
81 -93.58836
82 15.03716
83 9.903096
84 76.36072
85 115.9777
86 120.229
87 -33.48158
88 -124.891
89 -147.3805
90 -155.0969
91 -172.2581
92 -263.7442
93 1052.757
94 1990.622
95 618.2975
96 -57.04613
97 -13.34465
98 -45.94508
99 -27.81152
100 10.37068
101 23.28879
102 59.26025
103 97.79417
104 151.9127
105 218.3832
106 309.352
107 431.3002
108 580.0486
109 767.806
110 924.5234
111 1046.757
112 1038.819
113 871.5258
114 546.9053
115 227.7154
116 54.84079
117 -29.22039
118 -39.23891
119 -60.11999
120 -50.75356
121 -60.02711
122 -56.43076
123 -73.91094
124 -79.87768
125 -85.43358
126 -70.60151
127 -96.74315
128 -91.80117
129 -99.38267
130 -99.62774
131 -114.393
132 -110.7159
133 -123.5742
134 -135.7151
135 -128.8676
136 -132.6316
137 -134.9384
138 -131.8616
139 -128.8138
140 -148.7565
141 -136.9058
142 -151.2439
143 -42.72128
144 -0.2154087
145 3.008675
146 -1.70698
147 0.1260106
148 0.5601647
149 -0.3207299
150 0.08968056
151 0.08216563
152 0.005666356
